0.2508897
0.2426694
0.2598269
0.2651336
0.2534712
0.2580691
0.277781
0.3125916
0.3078778
0.3162121
0.3253964
0.3470922
0.3374
0.3288006
0.3401708
0.3411253
0.4160515
0.4095363
0.3903674
0.3616341
0.3539714
0.3899397
0.3849784
0.3487038
0.3202741
0.3109313
0.3273755
0.3275621
0.3200038
0.3165635
0.3431223
0.3430636
0.339348
0.2988712
0.2864241
0.3219071
0.3343993
0.3421269
0.3433486
0.371397
0.4338449
0.4020953
0.391595
0.2585358
0.2515396
0.2166682
0.1878292
0.1601043
0.1616581
0.1607961
0.184882
0.1683901
0.1526242
0.1579958
0.1435837
0.1386067
0.1336482
0.1252692
0.1402803
0.1616343
0.1822978
0.192549
0.2712592
0.264805
0.2844407
0.2388628
0.1934286
0.2058141
0.2294319
0.2226701
0.2178683
0.2377294
0.2950484
0.3142306
0.5400685
0.6049834
0.6314017
0.6191846
0.6146735
0.5999981
0.5072892
0.5024751
0.547397
0.5372945
0.5248913
0.4858131
0.4970465
0.4565908
0.4295636
0.3666165
0.3299131
0.2058697
0.181998
0.1398102
0.1115774
0.1153545
0.1302269
0.1240807
0.1129239
0.08689807
0.0831498
0.08648191
0.07711153
0.07132675
0.07202813
0.07693974
0.06847484
0.06899845
0.07073794
0.0703386
0.09442202
0.1454667
0.1343583
0.1434296
0.1659769
0.2072994
0.2493327
0.262058
0.2557995
0.2552595
0.2501531
0.2916538
0.2843546
0.2642005
0.2020604
0.1810245
0.1885917
0.1605003
0.1643356
0.1555686
0.1788434
0.1721731
0.1606229
0.145056
0.1571344
0.1547085
0.1737083
0.1725097
0.1514077
0.1529124
0.2126064
0.2678258
0.2733479
0.2704154
0.2725143
0.2591185
0.2463297
0.2417126
0.2290854
0.2408547
0.2175028
0.2191397
0.2141539
0.2005549
0.1630537
0.1499887
0.1382823
0.1256668
0.08939526
0.1018719
0.09933293
0.1174203
0.1132143
0.1130377
0.1070619
0.102042
0.0936427
0.1029208
0.1059868
0.1203426
0.1505895
0.1747893
0.2030696
0.2058044
0.2579483
0.293955
0.2753113
0.2701133
0.2498969
0.27796
0.3178291
0.3078849
0.2788521
0.2476507
0.2245476
0.2381723
0.2220399
0.1998573
0.2100897
0.2194686
0.2387135
0.2227912
0.1874568
0.1870931
0.1819323
0.1976922
0.1947103
0.1947819
0.2283677
0.261232
0.3064194
0.3315498
0.3673087
0.378331
0.3606986
0.3583929
0.3442704
0.3168462
0.3657382
0.3985175
0.4045007
0.4182683
0.376635
0.3643259
0.3442805
0.3809395
0.4077569
0.3995888
0.3860892
0.3521943
0.3595797
0.4223295
0.4053748
0.3762113
0.3759502
0.350347
0.3645326
0.3402731
0.3184822
0.2903017
0.3045435
0.2787264
0.2378661
0.2320485
0.2445624
0.2529252
0.2605234
0.2654469
0.2782619
0.2950339
0.2958754
0.2953618
0.295508
0.2804335
0.3637339
0.4943743
0.5407603
0.5328952
0.5427656
0.5299673
0.5160362
0.5034034
0.4910257
0.4762866
0.461574
0.4119718
0.3973606
0.3900518
0.3712457
0.4103675
0.4043984
0.2810415
0.2635003
0.25235
0.2728763
0.2609175
0.2538711
0.2533531
0.2480418
0.2714368
0.285423
0.2661419
0.2873197
0.3095729
0.3128573
0.3232371
0.2844672
0.2884334
0.2643095
0.2377262
0.2078206
0.2123618
0.2155475
0.2345688
0.244571
0.2369024
0.2173885
0.186861
0.2095822
0.2408724
0.2693081
0.2553347
0.2261357
0.2286799
0.224652
0.2504506
0.2342309
0.2781591
0.284409
0.2751062
0.2654546
0.2690928
0.2695534
0.292359
0.3376468
0.2968462
0.2973236
0.3177197
0.3147676
0.3614527
0.3518353
0.337026
0.33109
0.3371011
0.3233214
0.3304814
0.295052
0.2881953
0.2729123
0.2289555
0.160299
0.1364899
0.1310493
0.1379766
0.1062476
0.1044139
0.09377811
0.08337633
0.0746799
0.06257362
0.0554156
0.05217613
0.05752838
0.05847058
0.05421054
0.0593433
0.07700752
0.1029471
0.105459
0.1053686
0.09932055
0.1096549
0.1396428
0.1468068
0.152188
0.1821987
0.215796
0.2502571
0.246835
0.1934624
0.1840968
0.1448423
0.1519046
0.1509626
0.14837
0.183989
0.175411
0.2147991
0.2107861
0.2224104
0.2358585
0.2564171
0.253577
0.2436461
0.2317375
0.23824
0.2989798
0.3491516
0.3853229
0.3730123
0.3552674
0.3857889
0.4156249
0.4095397
0.3589798
0.3020518
0.2492455
0.2363717
0.2150677
0.217762
0.211755
0.2394704
0.2520311
0.2650095
0.2542029
0.2565884
0.2680846
0.2748346
0.2366928
0.2273925
0.2563744
0.254011
0.2601525
0.3054169
0.3067107
0.3548221
0.3372491
0.378423
0.3985072
0.3807306
0.3841895
0.3724398
0.3634934
0.3756187
0.3764509
0.3906905
0.3572395
0.3697672
0.3869776
0.4346803
0.4631973
0.4650047
0.4271939
0.4740796
0.4332443
0.420135
0.4418962
0.4738141
0.4756106
0.4739761
0.4710626
0.4759292
0.4816349
0.4823262
0.4536811
0.4397807
0.4149121
0.4043
0.4170443
0.4288709
0.3921982
0.4308589
0.4442492
0.4102937
0.4585
0.4932461
0.4594613
0.4750839
0.504896
0.5256542
0.5412286
0.5209205
0.5065591
0.531466
0.5289553
0.5453357
0.5547341
0.563527
0.5582817
0.5668888
0.5429628
0.4725904
0.3624269
0.3691001
0.3266773
0.33145
0.3369674
0.3587237
0.3575825
0.3539832
0.3563983
0.3598086
0.379864
0.3814338
0.3806723
0.3768955
0.3753867
0.3496588
0.3697727
0.4235365
0.4395158
0.4225179
0.3912147
0.3690858
0.3843973
0.3685457
0.2748598
0.250798
0.2360638
0.2171774
0.2206661
0.2330801
0.2272422
0.2455728
0.2819903
0.3301105
0.3454062
0.3005403
0.311609
0.2593636
0.2520799
0.2090163
0.2200754
0.2266054
0.1837531
0.1814134
0.1806785
0.16799
0.1707515
0.1739925
0.1599989
0.1163884
0.103177
0.1045747
0.1077591
0.1065923
0.09719238
0.1253554
0.1384433
0.1593734
0.1902884
0.2301133
0.2318553
0.2135677
0.212969
0.1925738
0.2147295
0.2362622
0.2380714
0.2397698
0.2620592
0.249782
0.226557
0.22656
0.2020568
0.1684022
0.1427976
0.1275937
0.1183251
0.1063278
0.1226902
0.1171526
0.1164477
0.1077732
0.1107723
0.1153471
0.1335963
0.131483
0.1392757
0.1928885
0.1901136
0.2168701
0.2388461
0.2933032
0.3285721
0.3531645
0.4051129
0.4081006
0.435706
0.4316179
0.4413545
0.4360341
0.4368081
0.4074414
0.4202762
0.4272788
0.4464819
0.4287253
0.4108936
0.4106505
0.4021883
0.3966452
0.3450201
0.2914425
0.2936007
0.2916782
0.3169733
0.3301693
0.3415914
0.3129801
0.3216413
0.3297768
0.3193029
0.2963053
0.3035628
0.3280658
0.3407102
0.3151218
0.2949265
0.317111
0.2875823
0.2319274
0.224127
0.2381631
0.22055
0.1983628
0.2075878
0.2045244
0.1887993
0.1866334
0.170111
0.107876
0.07644745
0.07701133
0.05817708
0.06741471
0.07648975
0.1003708
0.1038954
0.08727177
0.08331825
0.08794033
0.08412717
0.0920622
0.07458349
0.04872283
0.0418647
0.04907479
0.07066792
0.06306472
0.06541955
0.05011559
0.04595953
0.03874638
0.03544931
0.03618563
0.03911382
0.04278873
0.04708266
0.05450045
0.05670433
0.08919203
0.1315087
0.14138
0.1494552
0.1663647
0.1985516
0.3062523
0.3251438
0.3416279
0.3984043
0.4186945
0.4243019
0.4072736
0.3827836
0.312217
0.305233
0.265085
0.267735
0.2668008
0.251043
0.2468514
0.2101837
0.1796114
0.1983037
0.2083039
0.1953813
0.1731964
0.1600192
0.1569603
0.1626863
0.1763067
0.1748712
0.1821581
0.2203339
0.2293989
0.2826994
0.334558
0.3731462
0.3750193
0.4110354
0.4082388
0.4284611
0.4829182
0.5138403
0.5501705
0.5574808
0.5438851
0.555137
0.5516971
0.5429187
0.5309299
0.5070488
0.452425
0.4218434
0.4250898
0.4612483
0.418185
0.4261297
0.4155773
0.4016083
0.3929905
0.3764065
0.367185
0.3751072
0.3867648
0.3957836
0.3703795
0.3683898
0.3527873
0.325044
0.3050806
0.2365794
0.2268773
0.2435967
0.2155249
0.2350044
0.229122
0.2247251
0.202332
0.1932182
0.1979498
0.2020885
0.208149
0.1986891
0.2363311
0.2635232
0.2873574
0.3049141
0.3195827
0.3249849
0.3156041
0.2748073
0.2451909
0.2068007
0.1969003
0.2475672
0.2800622
0.2954853
0.349224
0.395381
0.438726
0.4315127
0.4454841
0.4415658
0.4078797
0.3922756
0.3978626
0.4541488
0.4829111
0.501395
0.568566
0.5677928
0.5285929
0.4954668
0.440991
0.3797959
0.3321219
0.3100497
0.310741
0.2749408
0.325592
0.3630687
0.3959265
0.3741605
0.3174115
0.3066573
0.3366637
0.3603675
0.3399779
0.3420138
0.3988666
0.4082464
0.3638235
0.3402609
0.3157227
0.3151985
0.2950504
0.2810252
0.2785525
0.2450961
0.2435027
0.2596973
0.2711825
0.2705457
0.2711294
0.2769645
0.248626
0.2483081
0.1936431
0.2215729
0.258684
0.2833825
0.2884215
0.270097
0.285293
0.2848552
0.2957607
0.2922876
0.3078525
0.3276412
0.3555043
0.3292417
0.3429352
0.3760538
0.3956186
0.4555642
0.4246185
0.4372323
0.4115859
0.449844
0.4508343
0.4521179
0.4515615
0.4656551
0.4569561
0.4409553
0.3712218
0.3460867
0.3017366
0.26847
0.2319771
0.2270293
0.2038732
0.1865148
0.1685895
0.1680017
0.1596726
0.1360294
0.1423168
0.1304087
0.1108102
0.1068391
0.08877724
0.06494372
0.07003259
0.08390926
0.1211962
0.119375
0.1287455
0.1451656
0.1323516
0.1197997
0.1050486
0.1053194
0.09793014
0.08516797
0.0873615
0.1029741
0.1123332
0.1394346
0.1939489
0.1998655
0.1851594
0.1313343
0.1324039
0.1225151
0.1025955
0.1455782
0.1746358
0.2114059
0.24642
0.2539357
0.2403701
0.1977307
0.1986253
0.1732987
0.1940476
0.1803573
0.1878583
0.2407305
0.235245
0.2133186
0.2308659
0.2761027
0.2742575
0.2552462
0.1885687
0.192674
0.2114504
0.2126817
0.2624855
0.2478702
0.1884793
0.1533867
0.127041
0.05506782
0.04875461
0.05832583
0.06298789
0.05843103
0.05285347
0.04619566
0.04697217
0.04682314
0.04347556
0.04472425
0.03878527
0.03304398
0.03530219
0.04007906
0.05695058
0.08749981
0.1730229
0.1430888
0.1253485
0.1099737
0.1161842
0.1170875
0.1260382
0.1400189
0.1932778
0.2143781
0.2276956
0.2686392
0.2700494
0.281417
0.2785612
0.2255514
0.2335043
0.2584608
0.3012457
0.3266712
0.3420591
0.3588892
0.3342
0.2828228
0.2525016
0.2257071
0.2247935
0.2562394
0.2739799
0.2378092
0.2406323
0.246752
0.2428308
0.2685914
0.2990402
0.3172538
0.3164327
0.3429478
0.3413082
0.3777219
0.4360285
0.42305
0.4747986
0.4307172
0.3436013
0.343209
0.3195091
0.3152351
0.3564354
0.3840267
0.3833742
0.3268624
0.2808346
0.2756871
0.2467264
0.2332457
0.2120913
0.2510667
0.2597775
0.2716236
0.2712179
0.2983389
0.2990521
0.3498467
0.3455079
0.3343763
0.3257711
0.3120644
0.3034575
0.3049825
0.3272208
0.3544573
0.349409
0.3198027
0.2889584
0.3051908
0.3045846
0.3013122
0.2987312
0.3268145
0.3285346
0.351977
0.3271261
0.3286076
0.3479482
0.3854247
0.3691562
0.3183917
0.2415539
0.2367618
0.2470246
0.2584543
0.2264977
0.2293491
0.24052
0.2187151
0.2111477
0.1611236
0.1446338
0.1522212
0.1411249
0.1163376
0.1076079
0.1079425
0.1219351
0.1536597
0.1615028
0.1555471
0.1509279
0.1404462
0.1461401
0.1332957
0.1336199
0.1284601
0.1541045
0.1679988
0.1847416
0.2233727
0.2121285
0.2296833
0.24479
0.2405636
0.193981
0.2162403
0.2431343
0.2461019
0.2729128
0.2338745
0.1933639
0.1429904
0.112453
0.09717375
0.08470963
0.06968706
0.05851624
0.04598632
0.04388011
0.03339589
0.03523255
0.03452382
0.0200465
0.0173719
0.01795975
0.01899503
0.02014014
0.02701811
0.04181398
0.05527301
0.05829455
0.07614412
0.08414758
0.09704697
0.1291808
0.1364122
0.1453487
0.145874
0.1367488
0.1507614
0.1605476
0.1241038
0.1211662
0.1080379
0.08826554
0.09844707
0.08820552
0.07521484
0.05159276
0.05645677
0.05761141
0.05973175
0.07157391
0.0902262
0.143974
0.1712032
0.1428021
0.1293903
0.1550176
0.1983968
0.212626
0.2315287
0.235557
0.2837172
0.3314883
0.3600643
0.3385822
0.2701198
0.2476123
0.2643755
0.2348746
0.2255576
0.2287087
0.2344089
0.2388248
0.2267229
0.2443027
0.2696631
0.2515967
0.2323049
0.1957182
0.184304
0.1853175
0.2109359
0.2489576
0.2555117
0.22396
0.2211752
0.2344835
0.2560986
0.2919126
0.3541453
0.3487817
0.3147159
0.3215097
0.332698
0.3456108
0.3191437
0.3403699
0.3792309
0.3886392
0.4137937
0.4466382
0.4522727
0.4282508
0.4252411
0.437673
0.4356421
0.4548022
0.5123161
0.5343508
0.5153887
0.5268838
0.5960176
0.6020679
0.5697476
0.5339338
0.5284899
0.4933247
0.4339153
0.4092157
0.4408832
0.4050774
0.3070625
0.3130668
0.2779296
0.2561363
0.2591648
0.2358088
0.1993665
0.1721869
0.1668644
0.1660842
0.1825115
0.1811434
0.1836594
0.2268781
0.2235386
0.2265567
0.2610398
0.291204
0.2636549
0.2443586
0.2473246
0.261126
0.2832384
0.3470792
0.4002294
0.4106189
0.4194604
0.3972551
0.4252728
0.4177841
0.4089979
0.4130386
0.4187963
0.480016
0.4952892
0.5251277
0.5429592
0.5085152
0.4804915
0.4519796
0.4444694
0.4272931
0.3748935
0.3506708
0.371043
0.3537655
0.3282855
0.3063291
0.3210225
0.3378331
0.3595129
0.3825227
0.4011274
0.3818837
0.3296494
0.3699839
0.3880707
0.3823433
0.4261685
0.4480395
0.460083
0.4569302
0.5069709
0.5016758
0.4584644
0.4030732
0.3733631
0.334728
0.3128217
0.2743012
0.2685023
0.2856751
0.2770215
0.2692736
0.2132016
0.1994622
0.1963177
0.1630593
0.148249
0.13962
0.1202209
0.1209496
0.111898
0.09667845
0.08092752
0.07416031
0.08390388
0.09196477
0.08671387
0.08058706
0.09799655
0.1079601
0.1057046
0.1195406
0.1285487
0.1278335
0.126161
0.1393937
0.1589232
0.1783256
0.2136841
0.2325341
0.2627753
0.2401336
0.2061196
0.1773185
0.1694783
0.07184908
0.06274154
0.05155559
0.03605724
0.02576983
0.02515831
0.02538262
0.0185104
0.01400378
0.01569355
0.06362193
0.1118466
0.1307071
0.17043
0.1844006
0.1806962
0.1886018
0.1805569
0.1870525
0.1963094
0.2323905
0.2432953
0.2677704
0.2093218
0.2021311
0.1714005
0.1409332
0.04278178
0.02514272
0.01741047
0.01383947
0.01154272
0.01155024
0.01226446
0.01030225
0.009460421
0.00857721
0.006497374
0.005186621
0.005146733
0.008932759
0.01122863
0.01449502
0.01418446
0.01443304
0.01169842
0.008014985
0.009017788
0.009137343
0.01034848
0.01375401
0.01874739
0.02338541
0.02713294
0.0410226
0.05042755
0.05024357
0.04507234
0.0537541
0.04812763
0.06239922
0.08490889
0.2168013
0.2562193
0.2462265
0.2557396
0.2295443
0.201645
0.2130633
0.171665
0.1674054
0.1480158
0.1559816
0.1574669
0.163451
0.1956224
0.2651787
0.3095306
0.28282
0.2725241
0.2645538
0.2648526
0.2725694
0.2962008
0.2758505
0.2929111
0.3724232
0.3659241
0.3907693
0.4221145
0.4246921
0.3934627
0.3761444
0.3028743
0.2358485
0.2663848
0.2948467
0.3227997
0.3454457
0.3364971
0.3612754
0.3673003
0.3772519
0.3000691
0.324927
0.302528
0.2757992
0.2705992
0.2928573
0.2612411
0.2620991
0.2373684
0.1934705
0.1525482
0.1188178
0.1088535
0.1171363
0.1092416
0.09898599
0.09247503
0.1185915
0.1218273
0.1213619
0.1176676
0.1093149
0.09311264
0.09142555
0.1019178
0.1088999
0.1323249
0.1698638
0.1923051
0.1815166
0.1571576
0.1696775
0.2061576
0.2095909
0.2047913
0.1913747
0.1801521
0.1931724
0.2286132
0.2626715
0.283063
0.3500435
0.3363923
0.3376403
0.3303917
0.3437457
0.3673927
0.3882966
0.2892857
0.2410782
0.2157241
0.2133146
0.229195
0.2246876
0.1976485
0.1823497
0.1816504
0.1789609
0.1680022
0.1765845
0.1686262
0.1812991
0.1681216
0.1699307
0.1951991
0.2213629
0.2489083
0.2557151
0.2933111
0.3328172
0.3510481
0.4013098
0.4279681
0.3769225
0.3485864
0.292873
0.2889994
0.3185712
0.3305855
0.3409371
0.3360251
0.3545609
0.3760244
0.3288172
0.3059795
0.2855376
0.2996813
0.2951996
0.2675124
0.2777377
0.2842617
0.2847147
0.3191803
0.2830583
0.2522385
0.2326103
0.2103767
0.1950725
0.182645
0.1903196
0.2036969
0.2075172
0.1901924
0.1546201
0.1721378
0.1745149
0.1698443
0.171296
0.1861266
0.2022741
0.2052053
0.2181023
0.2131699
0.2453541
0.2541666
0.2410658
0.2310278
0.2393142
0.257947
0.2711746
0.3305007
0.3575953
0.3699624
0.4119576
0.4157878
0.3505353
0.363333
0.3656401
0.3614902
0.3757947
0.414729
0.4797358
0.4776094
0.4639682
0.5101846
0.5384466
0.5077286
0.4724473
0.4621063
0.4702706
0.4488273
0.4768602
0.4952984
0.4691701
0.4197979
0.289961
0.2328813
0.2001711
0.1931383
0.1748863
0.1809714
0.1597854
0.1430418
0.1235287
0.1195926
0.1028428
0.09239197
0.09230784
0.08232079
0.07428841
0.07314811
0.07597782
0.1267722
0.1642718
0.1698673
0.1546224
0.1414754
0.1553302
0.15599
0.1910623
0.2146402
0.2554381
0.2775236
0.2992872
0.308399
0.3695226
0.4240229
0.4516347
0.4620326
0.4061594
0.3922438
0.4216904
0.4563498
0.5066205
0.4608123
0.4813797
0.486598
0.4521756
0.4588867
0.4428038
0.4051705
0.3701197
0.3830324
0.3145717
0.2788794
0.2923048
0.30575
0.3043954
0.3157636
0.334109
0.3353207
0.2977957
0.2794773
0.2814286
0.3003789
0.3108329
0.3375613
0.3700732
0.3816606
0.400096
0.4561745
0.477779
0.4582359
0.4295573
0.4007194
0.3814006
0.3830165
0.4292577
0.4771566
0.5150291
0.5164884
0.5215192
0.4781948
0.3874033
0.3667188
0.3443269
0.3517364
0.257351
0.2466295
0.2565261
0.2742566
0.3045748
0.3157865
0.33182
0.3037681
0.2587637
0.2706187
0.2942064
0.2857046
0.3159147
0.3621432
0.3521141
0.3351913
0.3082573
0.3977533
0.4207238
0.4128368
0.3981135
0.3753026
0.3795305
0.389636
0.3865883
0.4374647
0.399524
0.3887851
0.3474552
0.312988
0.3172913
0.355649
0.3996767
0.4194857
0.4123341
0.3346041
0.3002452
0.3133929
0.2985179
0.2863206
0.2727189
0.2598079
0.2485256
0.2763981
0.3294641
0.327901
0.3243102
0.3154183
0.3068035
0.2584332
0.2593349
0.2328373
0.2814775
0.2795604
0.2497678
0.2087175
0.1899267
0.1850603
0.196502
0.1981105
0.1809036
0.1765928
0.1542148
0.1688101
0.1737975
0.1908092
0.1747267
0.1808909
0.1857998
0.1987336
0.2033036
0.1806806
0.2451179
0.2490377
0.2847503
0.2843859
0.2985992
0.3107748
0.3296995
0.3175568
0.2948897
0.3191347
0.3302695
0.3851935
0.4089092
0.4405065
0.4549944
0.4930629
0.6111749
0.5942708
0.5964637
0.5679556
0.5712364
0.4973457
0.5232414
0.5306964
0.570311
0.5185801
0.5129758
0.5025772
0.4601912
0.3691253
0.3332126
0.3005658
0.3017342
0.2876391
0.3193444
0.3231188
0.3126773
0.3069308
0.3245673
0.297159
0.2570279
0.2441965
0.2358657
0.2321595
0.2417125
0.2958891
0.3891988
0.4165329
0.4060957
0.397075
0.367031
0.3205971
0.3319484
0.3507501
0.3648973
0.3791092
0.4179475
0.4991558
0.5009921
0.5489838
0.5017145
0.4872126
0.4440367
0.401689
0.3698801
0.4102388
0.3785482
0.3502772
0.3622949
0.3371803
0.3155246
0.3083663
0.2487384
0.2031213
0.1933987
0.203926
0.2257402
0.2317198
0.2291025
0.2317568
0.2159824
0.2124306
0.2089171
0.2436789
0.2429844
0.2327495
0.2231063
0.2499543
0.2450511
0.2693011
0.2820744
0.2634539
0.2534169
0.2156011
0.207632
0.2179876
0.1987064
0.1767636
0.1683372
0.1554285
0.1449429
0.1493915
0.1471147
0.1529321
0.184053
0.2052764
0.2093345
0.1959425
0.1961765
0.2188141
0.250946
0.2543485
0.3037395
0.313733
0.3466064
0.3329156
0.358091
0.3600503
0.3361726
0.2956197
0.2905129
0.2359933
0.2207453
0.2461836
0.2502495
0.2163641
0.2247382
0.244406
0.201465
0.1600513
0.1527379
0.1661395
0.1533839
0.1508058
0.1378164
0.1599356
0.1367349
0.1359108
0.1412676
0.1345805
0.1118176
0.1186498
0.1307048
0.100594
0.09504016
0.09203564
0.09144586
0.09232432
0.08933878
0.08844659
0.08362551
0.08658773
0.1116922
0.1082177
0.1032438
0.1029615
0.1110831
0.1002586
0.07710529
0.07921602
0.07880677
0.08037151
0.08138184
0.08073642
0.07730389
0.06336817
0.04509179
0.02605747
0.01761063
0.01518557
0.01573404
0.01288749
0.01066307
0.009772591
0.009555818
0.009800589
0.008035758
0.008010333
0.009835724
0.01338983
0.01865964
0.02156378
0.02405063
0.04056555
0.05462101
0.05749691
0.0704896
0.0920678
0.1103915
0.1538611
0.281135
0.3461588
0.4075391
0.4676262
0.4658343
0.4462952
0.3814076
0.3055572
0.3197198
0.3179212
0.3133365
0.3261493
0.3354318
0.3324927
0.3214754
0.3371739
0.313434
0.2909065
0.3360027
0.3012266
0.2899367
0.2292308
0.1833607
0.1881615
0.205678
0.1839949
0.180365
0.1955201
0.1768888
0.1658601
0.1481293
0.1463335
0.1211369
0.122893
0.1113711
0.1062197
0.1175671
0.1213116
0.1660072
0.2146994
0.2175802
0.2108674
0.2186207
0.2052216
0.2101162
0.258625
0.2889068
0.335223
0.4093936
0.5146474
0.528438
0.5801669
0.5589316
0.5518578
0.4927305
0.5058634
0.4611839
0.4413725
0.4581666
0.4667306
0.4580782
0.4807664
0.5060015
0.4812579
0.425634
0.3715793
0.3522693
0.2382233
0.1869654
0.1776508
0.1834156
0.2129125
0.2104673
0.2247827
0.2336971
0.2009822
0.1610751
0.1278334
0.0835105
0.07934157
0.08945492
0.1050882
0.1130734
0.1195153
0.1862209
0.2843367
0.5910109
0.6260651
0.5984808
0.6032422
0.5951833
0.5919744
0.6368207
0.6825476
0.6981186
0.7157131
0.711274
0.6804476
0.6740784
0.7048512
0.6773243
0.6442592
0.4634767
0.2157245
0.1879688
0.1814049
0.1743819
0.1661851
0.2076488
0.2131471
0.198377
0.2313947
0.2339048
0.2437849
0.2554837
0.2690013
0.2925014
0.3344304
0.3174553
0.3181776
0.3141711
0.3083037
0.2831892
0.308257
0.2815529
0.2282397
0.2563004
0.2094531
0.2134165
0.1898119
0.1672431
0.169205
0.1642476
0.1445691
0.1385944
0.1505057
0.1432406
0.156504
0.1403706
0.1457413
0.147104
0.1776428
0.1819192
0.1740085
0.1493844
0.1483594
0.16109
0.1880212
0.18111
0.1937211
0.192043
0.1809572
0.1737015
0.1723093
0.183453
0.1790823
0.1603796
0.1689981
0.1550982
0.1736925
0.1979934
0.1824817
0.1917547
0.1921086
0.1544434
0.1385334
0.1354691
0.1292685
0.1431559
0.1375555
0.1281881
0.1120952
0.117677
0.1283497
0.1362706
0.1424466
0.1323028
0.1521891
0.1852093
0.1691065
0.1779202
0.209248
0.2421316
0.2416227
0.2630228
0.2255295
0.2707975
0.3208108
0.3901673
0.3821474
0.3868182
0.3167379
0.2598276
0.26421
0.2502748
0.2514169
0.2443898
0.2860781
0.2690552
0.2472816
0.2198701
0.1904696
0.1766397
0.1421279
0.1250462
0.1191213
0.1110679
0.1301055
0.1508121
0.1697509
0.1749347
0.1848652
0.1893152
0.1597776
0.1567001
0.1378338
0.1168264
0.1386073
0.2184474
0.2608436
0.3107386
0.3433505
0.3496431
0.3312436
0.318607
0.3033288
0.2517278
0.2171164
0.1970802
0.2069393
0.2333169
0.2936065
0.2744874
0.2656476
0.2732578
0.2479504
0.2201412
0.1983541
0.1939074
0.2132102
0.2318541
0.2147787
0.2275803
0.2561635
0.2768164
0.3099334
0.2726187
0.2351223
0.2275507
0.2451366
0.2236017
0.2030147
0.2108605
0.2462273
0.2523606
0.2412043
0.2084934
0.2172312
0.2230146
0.2064194
0.2193734
0.2138126
0.2199645
0.2203854
0.2148932
0.2069752
0.0672882
0.06213658
0.06752973
0.06766249
0.06711669
0.07069393
0.07900199
0.0816365
0.05791804
0.04630296
0.04469018
0.04614521
0.05069955
0.05014793
0.05103203
0.04984825
0.07468421
0.09178387
0.1085998
0.1009902
0.09441549
0.09896589
0.1013941
0.09575547
0.09002674
0.1423263
0.188198
0.22333
0.2165669
0.2107232
0.2427205
0.2658614
0.2875634
0.3653133
0.3904721
0.3217565
0.3372351
0.352017
0.3265974
0.3122971
0.3093039
0.3170171
0.315342
0.3039143
0.3137295
0.3094471
0.29728
0.3073753
0.2959566
0.284883
0.2628785
0.248518
0.2305232
0.2385128
0.2664341
0.2878473
0.2902974
0.2826408
0.2665282
0.2370324
0.215722
0.1993836
0.1956094
0.1944074
0.1776814
0.1824929
0.2043977
0.2071471
0.2055971
0.1872067
0.1957956
0.1596303
0.1668025
0.2048797
0.1785349
0.1707511
0.1303381
0.1351197
0.1214195
0.1125155
0.1300953
0.1280417
0.1137869
0.106304
0.1104592
0.1371752
0.1394586
0.147689
0.1697244
0.1622366
0.1838705
0.1817489
0.2329557
0.28084
0.3082443
0.3598327
0.2885813
0.2471673
0.2405455
0.23094
0.2502614
0.2288031
0.2252282
0.2337373
0.2422503
0.2201751
0.1944288
0.1985303
0.2238779
0.2249269
0.2284157
0.2183706
0.2641636
0.3410184
0.3673534
0.3413374
0.3063555
0.274137
0.3009861
0.299072
0.2982006
0.293593
0.314165
0.3357974
0.3260673
0.3168675
0.2861896
0.2794795
0.2675707
0.2449679
0.2394848
0.2463408
0.2776351
0.3703967
0.3662453
0.3270664
0.3463051
0.3241277
0.3117143
0.3072425
0.2862713
0.2783636
0.2437321
0.2031645
0.177073
0.1024555
0.09174348
0.07642643
0.0641761
0.0550336
0.0475216
0.0458647
0.04708033
0.0447797
0.04153836
0.04317332
0.03581756
0.03141238
0.03578401
0.04043246
0.05031522
0.05557548
0.08158868
0.09248964
0.1247092
0.1362512
0.1307989
0.1494019
0.1616175
0.1785513
0.1630793
0.2061978
0.2764957
0.3323703
0.3862812
0.3397071
0.2969473
0.2321908
0.2346828
0.2319876
0.2213447
0.2641379
0.2464903
0.2625564
0.2314385
0.2238438
0.1922747
0.1740555
0.1251024
0.1124392
0.08689275
0.08032417
0.07823028
0.08950198
0.09137978
0.05940152
0.03839066
0.02793301
0.0320572
0.03388039
0.0363149
0.04087335
0.03875815
0.044003
0.04366186
0.04169768
0.03787551
0.0387034
0.03594027
0.03851712
0.03471792
0.03841858
0.08057655
0.184622
0.1814114
0.1579012
0.1434312
0.1344267
0.1387616
0.1181104
0.1154819
0.1020065
0.1065111
0.1220288
0.1545679
0.2004328
0.1910042
0.2012001
0.1936389
0.1848266
0.2121835
0.2197611
0.2141848
0.2300004
0.213909
0.2115989
0.2253604
0.2803635
0.315012
0.3271021
0.3369068
0.3134386
0.2778528
0.3195642
0.4094281
0.3910849
0.3724877
0.3297704
0.3742703
0.3992548
0.4324583
0.4422067
0.4093427
0.4002351
0.4061376
0.4206516
0.4256134
0.4044842
0.3919824
0.3731992
0.3781485
0.3270626
0.3740735
0.3586718
0.3247056
0.2833177
0.2603411
0.2539225
0.2648375
0.2730406
0.266316
0.2719633
0.2636152
0.2708828
0.2716396
0.2678944
0.2170054
0.1980638
0.1752685
0.1535314
0.1422289
0.1427533
0.1141818
0.1067256
0.1046962
0.1109903
0.1168257
0.1381231
0.1387371
0.1417852
0.1357202
0.1490184
0.162797
0.1751613
0.2012719
0.2062904
0.2147638
0.2339199
0.2400342
0.2478085
0.214076
0.1917725
0.1792964
0.1780759
0.1689839
0.1552709
0.1713751
0.1706214
0.1687196
0.1727781
0.1731701
0.1996501
0.2245476
0.2479825
0.277582
0.3062664
0.3646186
0.3850888
0.4669587
0.4646051
0.4706675
0.4615189
0.4357572
0.4274094
0.4531266
0.4893796
0.4825998
0.462386
0.4669127
0.4620715
0.4584143
0.442963
0.4163935
0.4330805
0.4153295
0.3672391
0.3487022
0.310367
0.3049187
0.2633199
0.2455841
0.2411015
0.2561377
0.2857518
0.3007986
0.2898214
0.2509605
0.2424042
0.2134089
0.2084189
0.2116619
0.2119081
0.1951443
0.1772704
0.2029158
0.2051703
0.1793487
0.1188499
0.1125853
0.09772646
0.08038989
0.07359263
0.07090647
0.05445118
0.05752119
0.06018696
0.04758473
0.05111657
0.05184756
0.07060276
0.08016049
0.08222254
0.1009208
0.1213747
0.1510428
0.1758942
0.2032913
0.2285912
0.2911589
0.3270017
0.4042371
0.3702292
0.4374619
0.4462788
0.4442202
0.4271281
0.4131107
0.3684449
0.3709912
0.3767417
0.3745121
0.3309438
0.3149735
0.299899
0.282958
0.3511742
0.3736137
0.4003873
0.4296416
0.3978027
0.3608418
0.3546708
0.3429728
0.3462281
0.3440391
0.3354182
0.3200966
0.3485359
0.3721153
0.3717221
0.3404211
0.2574024
0.1783877
0.1510539
0.1327362
0.1084005
0.1042688
0.1239009
0.1112073
0.1291115
0.1189581
0.1080915
0.1236443
0.1373535
0.1431783
0.1288405
0.1406196
0.1542701
0.1820441
0.1926053
0.2143777
0.2446411
0.2730298
0.2233623
0.1541124
0.1476247
0.1370262
0.1179868
0.1359857
0.0975671
0.07331246
0.05190064
0.04294457
0.03929159
0.03445639
0.03291841
0.02548176
0.01768782
0.01499324
0.01794581
0.01952405
0.02033663
0.02094268
0.01928953
0.01879154
0.01823808
0.02054604
0.02945341
0.03901706
0.04388225
0.03711488
0.03608587
0.04013432
0.06889612
0.09358541
0.1020245
0.07616792
0.08177035
0.06383506
0.05625971
0.05579464
0.05707921
0.04283514
0.03641887
0.02798031
0.0210218
0.02337274
0.02776241
0.03133615
0.03041012
0.02754342
0.02439145
0.02456053
0.02735125
0.04066958
0.04776555
0.0595547
0.074688
0.0828158
0.1181264
0.1458742
0.1948053
0.2174499
0.2307205
0.2305929
0.2361757
0.262294
0.2921372
0.3696358
0.4173347
0.4443849
0.4397795
0.462394
0.5021435
0.5040559
0.5172237
0.5374716
0.54109
0.5196224
0.518695
0.5137795
0.4970256
0.4686016
0.4912043
0.5002964
0.4883624
0.4884725
0.4817863
0.5021542
0.4822232
0.4644884
0.4881139
0.472594
0.4980747
0.5141398
0.5419647
0.5234718
0.5360317
0.5593952
0.4503402
0.3840881
0.3280973
0.2980032
0.3168857
0.3160215
0.3210844
0.3415237
0.4146583
0.4222003
0.3847398
0.376367
0.3640447
0.32399
0.3161212
0.2983451
0.3194706
0.3775851
0.4229616
0.4483507
0.4595795
0.4076703
0.3937727
0.3424738
0.2731806
0.2080374
0.2044684
0.2478007
0.1707783
0.1341883
0.09973395
0.08153635
0.06429045
0.04978663
0.04491878
0.03714523
0.02671432
0.02599057
0.02805467
0.02976533
0.02742423
0.03248047
0.02796828
0.01711655
0.01335504
0.01451676
0.01729131
0.01685644
0.01760396
0.02509539
0.02571898
0.02330001
0.01782461
0.01738392
0.01918362
0.01492521
0.0176808
0.02251448
0.0232012
0.0357331
0.05996236
0.0682394
0.0793559
0.097444
0.1064713
0.1049666
0.0880967
0.09413158
0.1093344
0.1907525
0.1616535
0.1787765
0.2127392
0.1963225
0.1892928
0.1992706
0.1764787
0.1437094
0.1548741
0.1507674
0.08005214
0.07256608
0.05673268
0.05230248
0.0536199
0.04039206
0.04485179
0.04292132
0.03745909
0.03191597
0.03031857
0.02266882
0.02254251
0.02092278
0.02065452
0.02022492
0.0285823
0.03748986
0.05469541
0.05369956
0.05100081
0.04601221
0.0488664
0.04648467
0.07218832
0.1121408
0.1010513
0.1101151
0.1153983
0.1418911
0.1624929
0.1575267
0.1564538
0.1568708
0.1543916
0.1397111
0.1904801
0.217978
0.2977171
0.3326317
0.3337114
0.3138434
0.2703368
0.3368911
0.3749151
0.3720734
0.2896183
0.287074
0.2699111
0.1980473
0.1890561
0.19527
0.2128151
0.1566021
0.1326743
0.1314112
0.1324607
0.1273035
0.1347725
0.1417565
0.09185838
0.05647637
0.05898836
0.07251555
0.05856467
0.05743237
0.05390552
0.0495784
0.04664106
0.04690163
0.04472794
0.03771833
0.03832959
0.03933245
0.04288522
0.04503246
0.04936745
0.05262506
0.05956634
0.05649467
0.05626326
0.07025477
0.0754746
0.09234637
0.09524091
0.08857541
0.08301087
0.108141
0.167933
0.1720642
0.1670725
0.1640674
0.162166
0.1667899
0.1910793
0.1827965
0.179776
0.1788393
0.1948402
0.2416127
0.2616895
0.3545333
0.3661867
0.3390691
0.3470116
0.3545687
0.3678526
0.3736416
0.3671644
0.3425871
0.3477026
0.3502776
0.3236349
0.3118131
0.3308424
0.293949
0.2753589
0.2637698
0.2113367
0.2191148
0.2428951
0.234898
0.2275217
0.1996104
0.1901916
0.1669164
0.1867914
0.2009114
0.2553668
0.3285577
0.4007741
0.3967412
0.358291
0.3395451
0.3339877
0.3638435
0.3928123
0.4057778
0.3942187
0.4065048
0.426341
0.4023896
0.3814976
0.3695587
0.2977509
0.2538503
0.1954811
0.1691125
0.1915219
0.1983159
0.1847213
0.1811241
0.1734771
0.1742912
0.1579075
0.1725411
0.1770012
0.1560832
0.1427905
0.1517953
0.1543334
0.1477239
0.1395845
0.1438009
0.124887
0.1129636
0.1243459
0.1457107
0.1464959
0.1533513
0.1321315
0.1382165
0.1463486
0.1445558
0.1733333
0.1986607
0.2039857
0.1976179
0.2195939
0.2556757
0.2765784
0.3121312
0.3380706
0.3842931
0.4159992
0.418279
0.4516342
0.4573081
0.4627194
0.4151205
0.4632236
0.4912691
0.4769813
0.5294291
0.5516738
0.5503718
0.5368897
0.5194862
0.4632835
0.4203249
0.4148296
0.3968744
0.4009319
0.4260952
0.4306072
0.4328061
0.4038747
0.3782165
0.3346522
0.2996918
0.2942855
0.3044475
0.2906526
0.2904648
0.3015879
0.3148829
0.3080186
0.2541366
0.2304468
0.1805469
0.127017
0.1141802
0.1128862
0.1310839
0.1449663
0.1548116
0.1646546
0.1607058
0.1700368
0.1722821
0.1865306
0.1943492
0.2009498
0.1953891
0.1623656
0.1325614
0.1120384
0.09399536
0.09477767
0.09574702
0.1034888
0.09965866
0.0938679
0.09219325
0.08777183
0.07726875
0.06873144
0.05953936
0.05793153
0.05725967
0.05570584
0.07157455
0.1066941
0.1667749
0.1885752
0.191261
0.1868282
0.190754
0.1808081
0.1832396
0.173233
0.1578677
0.1666866
0.1513519
0.1485733
0.1533256
0.175907
0.2127059
0.2014439
0.1706592
0.1701518
0.1681694
0.1893338
0.1921359
0.1841608
0.23174
0.2051886
0.2248027
0.2462522
0.2609657
0.2508705
0.235631
0.1892257
0.149876
0.09114466
0.07719234
0.04200802
0.03526479
0.02358225
0.02108703
0.01493867
0.01241256
0.0131439
0.01287526
0.0108957
0.01070354
0.01100573
0.008747648
0.009068654
0.008879451
0.00955673
0.01134504
0.01269635
0.01773147
0.01289208
0.009308234
0.008483587
0.009882501
0.008952473
0.008614277
0.007799436
0.009773637
0.0116847
0.01440477
0.01781629
0.01856179
0.02149951
0.02239521
0.02289875
0.02679596
0.02772835
0.05247496
0.09174521
0.1402686
0.1764785
0.2080082
0.2273004
0.2343846
0.2244455
0.209884
0.2395753
0.2513613
0.2877296
0.3118221
0.3111022
0.2977209
0.2816048
0.3274325
0.3476875
0.3464772
0.3364159
0.2359631
0.1968984
0.1952934
0.2064845
0.1924914
0.1936934
0.1838118
0.1938822
0.178707
0.1730679
0.1999435
0.1641767
0.1395343
0.1255335
0.1248936
0.12687
0.1591661
0.2292296
0.2380016
0.2598386
0.2046392
0.2219015
0.1885528
0.1585542
0.1457107
0.1436085
0.1369024
0.1664267
0.1894611
0.2364889
0.2253094
0.2133066
0.2160884
0.213573
0.2107933
0.209043
0.2466836
0.2608963
0.2223252
0.2271113
0.2336302
0.2130948
0.1869745
0.1799471
0.1471864
0.1296025
0.1239486
0.117237
0.1083338
0.07567382
0.07540918
0.0872246
0.09916112
0.0889001
0.09972828
0.1177685
0.1445322
0.1658539
0.1800354
0.1972769
0.2308276
0.2746961
0.3057242
0.3088579
0.3418293
0.4412783
0.4792489
0.4706043
0.4289897
0.3456322
0.3765783
0.3744585
0.3783239
0.3440937
0.2846404
0.259238
0.2384255
0.2302306
0.1951887
0.1587504
0.1499609
0.1116826
0.1037261
0.1232457
0.1309582
0.1480434
0.1775676
0.1175901
0.1108219
0.1063221
0.1369164
0.1600549
0.1778839
0.1692377
0.1445768
0.1435344
0.1659849
0.1774157
0.2174517
0.1840359
0.1633497
0.1591317
0.1309954
0.1450482
0.1762531
0.1532902
0.1523382
0.1528046
0.1497921
0.1354425
0.1644897
0.1379848
0.1214133
0.1001158
0.08718017
0.1045633
0.1135978
0.09647129
0.08492686
0.07061252
0.06644154
0.08234575
0.1017684
0.094995
0.09215254
0.09776524
0.1058485
0.0759003
0.08577296
0.1016558
0.1202828
0.1183846
0.115498
0.1168603
0.1379454
0.1417565
0.1533091
0.1576779
0.1645255
0.1815231
0.2101619
0.2114775
0.2047695
0.2415599
0.2340714
0.2120524
0.2325022
0.2191095
0.204465
0.1618296
0.1340476
0.1182687
0.1078758
0.1262039
0.1152723
0.1146997
0.0970469
0.07395459
0.0481078
0.03614297
0.03144406
0.02941539
0.02960065
0.02882082
0.03317555
0.03558512
0.03547028
0.03586593
0.03677191
0.02610802
0.01684583
0.01254621
0.009129415
0.007717224
0.01065797
0.01284933
0.01890877
0.02567298
0.02923182
0.03307169
0.02890049
0.02721564
0.02776571
0.03317956
0.03851328
0.04873349
0.08444999
0.1260683
0.1421311
0.1521519
0.1694789
0.1142818
0.06118893
0.03421348
0.02579772
0.02445937
0.02854028
0.02680242
0.02793892
0.0282524
0.02838755
0.02748034
0.02249799
0.02239602
0.0222056
0.02040206
0.02321735
0.02595379
0.03216485
0.05707989
0.07504831
0.09274519
0.1173022
0.1136508
0.1006888
0.1082906
0.09940773
0.1025307
0.1491279
0.1688359
0.2127904
0.1998676
0.1889125
0.2154721
0.2193376
0.2343725
0.2173413
0.2051916
0.2044469
0.1628096
0.1736868
0.1714249
0.1431019
0.1546417
0.1276261
0.1357456
0.09144367
0.06485136
0.06811201
0.06663349
0.05542298
0.0500547
0.05392388
0.06651375
0.07241131
0.08736241
0.09023206
0.09412432
0.08121731
0.1007423
0.1065804
0.083962
0.1015037
0.1248459
0.1724846
0.1832523
0.1935569
0.2169558
0.1316314
0.1078512
0.06295137
0.06839857
0.07002763
0.08383454
0.09023535
0.08261847
0.07081141
0.06699971
0.07022414
0.06408442
0.06678461
0.06261523
0.07497744
0.07261948
0.07429519
0.07929691
0.08083672
0.1213648
0.1132379
0.09579162
0.08966307
0.1003687
0.09826913
0.1059843
0.1111673
0.1081628
0.1039556
0.1100984
0.1101054
0.1102531
0.1513723
0.183198
0.230115
0.2470292
0.1881088
0.1921203
0.1878269
0.1922
0.201875
0.1791572
0.2007267
0.2105502
0.2399107
0.2556596
0.2525077
0.2595226
0.2288166
0.2374855
0.2275587
0.2164153
0.2394062
0.2279152
0.2193362
0.2121229
0.2322292
0.2317787
0.2718097
0.2842485
0.2972693
0.278763
0.2917192
0.2873294
0.2604586
0.2358475
0.244085
0.2401242
0.2662304
0.2974285
0.3234655
0.3439793
0.3854365
0.3074984
0.2644387
0.2877514
0.2777961
0.2527276
0.2436509
0.249858
0.2742611
0.3098618
0.2980325
0.2527242
0.2492762
0.2789653
0.2497828
0.2335654
0.2123618
0.2236652
0.2199554
0.2614965
0.232349
0.2397323
0.2675501
0.2751795
0.2380675
0.2066475
0.1947166
0.2007306
0.1710955
0.1513271
0.1440549
0.1302226
0.1136889
0.1295819
0.1573421
0.1614547
0.1655798
0.1889341
0.1972283
0.2100483
0.2114381
0.2070625
0.1807123
0.187731
0.2209696
0.2222951
0.2147578
0.1883407
0.2112078
0.1955272
0.2077054
0.2067555
0.17266
0.1691291
0.1502221
0.1307047
0.1082624
0.101347
0.12147
0.1324956
0.1363489
0.1307186
0.1409117
0.1635741
0.1963875
0.241212
0.2481399
0.2629649
0.2679112
0.2973704
0.2998494
0.368749
0.4749568
0.5573651
0.5484319
0.5256656
0.5457293
0.5140859
0.4389445
0.4368986
0.4151393
0.4089494
0.3742093
0.3594311
0.3554617
0.3428651
0.3436867
0.3193581
0.2947094
0.2500798
0.2194205
0.2158025
0.2051553
0.188256
0.2573509
0.3399942
0.3357099
0.3628379
0.2981615
0.2667784
0.2771664
0.2536635
0.2370356
0.2048069
0.1990977
0.1251551
0.1161866
0.1147136
0.1184803
0.1528059
0.143476
0.1076871
0.07088845
0.04834845
0.04109679
0.04669951
0.04840752
0.04793652
0.04161151
0.04255814
0.04588328
0.07078966
0.09271234
0.1121592
0.1146718
0.1036488
0.08770682
0.08950731
0.1009388
0.1429533
0.2448438
0.2606709
0.2410679
0.2329983
0.253562
0.273917
0.2428587
0.1964098
0.172814
0.1497023
0.1210803
0.1131852
0.1166872
0.1149919
0.0967579
0.06920743
0.04275138
0.04716576
0.04927067
0.06124534
0.06980605
0.0696843
0.06903816
0.08696431
0.1030808
0.08734259
0.07911233
0.09834227
0.09983554
0.09729394
0.1034731
0.1122229
0.1209426
0.1440868
0.1355419
0.1139516
0.09362517
0.08960119
0.0958356
0.08357235
0.0774233
0.08836278
0.1114541
0.1507399
0.1558884
0.1432201
0.1532812
0.1798187
0.2044552
0.2945408
0.3234178
0.3654645
0.394605
0.4222541
0.4000181
0.4682823
0.4448052
0.4107842
0.3945371
0.3857561
0.4999918
0.5902841
0.6432747
0.6827176
0.6806818
0.6367655
0.5816289
0.5149623
0.4453421
0.3742213
0.3276127
0.302076
0.2491464
0.2659716
0.2644839
0.2553178
0.2389071
0.146423
0.124272
0.1067917
0.09949984
0.09405833
0.1135808
0.1056696
0.1307147
0.1402518
0.1915371
0.194735
0.1798228
0.1957534
0.1515739
0.1598408
0.1579704
0.1644897
0.175395
0.1775711
0.184458
0.2095145
0.2069835
0.198764
0.2176889
0.2023844
0.1838535
0.1998572
0.235004
0.2747821
0.2916547
0.2902448
0.2941378
0.3069454
0.3295421
0.3149724
0.3385574
0.3448308
0.3198439
0.3103748
0.277875
0.273311
0.2848314
0.278382
0.2798316
0.2653711
0.2459799
0.244124
0.2376918
0.2389562
0.2386329
0.2290486
0.2202947
0.2251308
0.2023404
0.2150472
0.2250399
0.2483253
0.2740555
0.2918984
0.3054175
0.3158059
0.3432359
0.3575986
0.375901
0.3741018
0.384935
0.4146732
0.4453393
0.4105131
0.4180232
0.4159875
0.430251
0.4190718
0.4065275
0.4298005
0.4340101
0.4091961
0.4118363
0.3920952
0.3951033
0.4048882
0.4294758
0.4080821
0.4183188
0.4369392
0.430059
0.4100423
0.4093676
0.3582432
0.3696805
0.371606
0.3623518
0.350388
0.3755018
0.3561748
0.2918096
0.25162
0.2318434
0.1898838
0.1885421
0.1734377
0.1730883
0.2002534
0.1947677
0.2070126
0.2376447
0.2536418
0.2544299
0.2508223
0.2568707
0.2440427
0.2627044
0.2995815
0.3258038
0.3516196
0.3721631
0.4153586
0.4655174
0.350408
0.3454401
0.3245359
0.38012
0.3347284
0.3002062
0.309807
0.3263359
0.3118592
0.2773032
0.2394758
0.245956
0.2475476
0.2433613
0.2414692
0.2242548
0.2011974
0.1963304
0.2220513
0.1917396
0.1788583
0.1932447
0.2116101
0.1807611
0.1150078
0.09307383
0.07710806
0.06233514
0.06165368
0.05829621
0.05475814
0.0435305
0.03846785
0.04108559
0.02901085
0.02551662
0.02557544
0.03155278
0.0230337
0.02220857
0.02167893
0.02390142
0.02428344
0.02717593
0.03591723
0.03486378
0.03680455
0.03688573
0.05613269
0.06861253
0.08069292
0.1222677
0.1363263
0.1336063
0.126146
0.1613294
0.1802114
0.2215273
0.280844
0.4448412
0.4091056
0.3911677
0.395966
0.3927731
0.4043391
0.3298126
0.3046774
0.2954024
0.245545
0.2493275
0.2422071
0.2265128
0.2494748
0.2522914
0.2563425
0.3042279
0.2973464
0.2548961
0.2262315
0.1815821
0.1742669
0.1782366
0.1824891
0.1946505
0.1769732
0.2140361
0.2153907
0.2533626
0.3006688
0.2629842
0.2515033
0.2578978
0.2323066
0.228315
0.3112475
0.3496807
0.4641641
0.4594938
0.4663057
0.4760712
0.4902841
0.4938844
0.4597793
0.4293734
0.4044613
0.4036512
0.4017855
0.3581496
0.3593486
0.3559737
0.3533244
0.3521133
0.291941
0.2835961
0.3038535
0.2977765
0.2818656
0.2690414
0.2909204
0.3095628
0.3236766
0.34258
0.3011242
0.2981498
0.3071857
0.2360737
0.22342
0.2173377
0.167083
0.1651562
0.1610729
0.1470987
0.1530473
0.161321
0.1573346
0.1519984
0.1376177
0.135492
0.1281954
0.1504361
0.1789603
0.1901595
0.2403979
0.2479475
0.2894435
0.4074762
0.4772613
0.5087026
0.533062
0.488269
0.4574939
0.4582679
0.4864705
0.4883097
0.4464571
0.4447958
0.4464057
0.447713
0.4375581
0.4417982
0.4244521
0.4091549
0.393512
0.3780316
0.3808902
0.3989565
0.4209
0.4222974
0.4327745
0.3986679
0.391429
0.3940255
0.4492205
0.407466
0.3937583
0.4108429
0.4113639
0.4163889
0.4214579
0.3756464
0.3665469
0.3592482
0.3887848
0.3882073
0.3580349
0.2761765
0.2986183
0.2939287
0.2874567
0.2807664
0.2750505
0.3111592
0.3199658
0.3182111
0.3084033
0.3074501
0.3387205
0.3237821
0.3176203
0.3082139
0.3250414
0.3747887
0.4425114
0.4507625
0.4600725
0.4951309
0.4627704
0.4575948
0.4179647
0.4447387
0.4474901
0.4662036
0.4700245
0.4673967
0.4628416
0.4216738
0.4059102
0.3970539
0.375055
0.3687714
0.3933852
0.4105498
0.4014609
0.352958
0.3525738
0.326879
0.3201182
0.2787935
0.253636
0.2494049
0.2602941
0.2567332
0.2297931
0.235619
0.1780348
0.05992297
0.05226564
0.03078297
0.01929019
0.01938633
0.01867597
0.01905009
0.02053417
0.01866221
0.01775016
0.01692294
0.01648439
0.01705352
0.0180308
0.017109
0.01842533
0.02973403
0.04983034
0.07679977
0.102657
0.1214893
0.1391834
0.1264014
0.1031289
0.09186076
0.1052635
0.1053883
0.1011178
0.09717023
0.0913126
0.1217544
0.1089864
0.1108522
0.127035
0.1107043
0.06228701
0.05376003
0.07028902
0.07369432
0.07876321
0.07676315
0.07941301
0.06707515
0.0772756
0.08502991
0.08757064
0.09481646
0.09064428
0.0881105
0.09412548
0.09564469
0.1238156
0.1356205
0.1407629
0.124334
0.1089446
0.1042607
0.06827974
0.05849729
0.05047276
0.0397085
0.03786495
0.03492319
0.03314957
0.03354077
0.03691724
0.03418137
0.02578767
0.0268441
0.03190558
0.02989207
0.03522193
0.03519282
0.04411843
0.06555851
0.08170647
0.1149761
0.1251981
0.1217447
0.1366266
0.139144
0.1441119
0.1299969
0.1160212
0.1184343
0.1058663
0.09929685
0.08629615
0.07517478
0.05793035
0.05905242
0.05337189
0.0515244
0.05354386
0.05796111
0.06793816
0.07338551
0.07772496
0.08314579
0.09785964
0.1210328
0.1019414
0.09245055
0.09200618
0.1226273
0.1302328
0.17917
0.1827964
0.1943416
0.1803256
0.1910539
0.1977461
0.1830556
0.1729724
0.184425
0.1527012
0.1578782
0.1544842
0.2896832
0.2950494
0.3122762
0.3019634
0.2926373
0.2932016
0.3457479
0.3629248
0.4166129
0.4376021
0.4301968
0.4385908
0.4436603
0.4318306
0.494818
0.4573198
0.4501009
0.469775
0.457239
0.4470634
0.440256
0.4457883
0.4500723
0.3866305
0.3514028
0.3085331
0.2453569
0.2037173
0.2161779
0.2202493
0.2110818
0.172092
0.1755396
0.1684286
0.1692511
0.1804972
0.2033745
0.2123461
0.1923551
0.1884221
0.2026914
0.2241465
0.2430311
0.267026
0.2470887
0.2141816
0.2070628
0.2093339
0.1834342
0.1539466
0.1067969
0.07716201
0.05917299
0.04867365
0.04872523
0.04510421
0.0386747
0.03210799
0.02389806
0.01518032
0.01304201
0.01407142
0.01319461
0.01377706
0.0126309
0.01195096
0.0135307
0.01647956
0.02152077
0.02622235
0.02566012
0.0222738
0.02165349
0.02227493
0.02842147
0.03851047
0.05224044
0.06090439
0.06178269
0.05675143
0.04554185
0.04513238
0.04536645
0.04887676
0.05365084
0.06204898
0.0534514
0.05971554
0.06009089
0.05714817
0.04776409
0.05818157
0.04601405
0.04508332
0.04443536
0.03968412
0.04279405
0.04474402
0.0416511
0.03623058
0.03122044
0.02992102
0.02927391
0.02402509
0.02368419
0.0324724
0.03320853
0.03096691
0.02237838
0.02216806
0.01420237
0.01337908
0.01472994
0.0168236
0.01580339
0.02011603
0.02628141
0.02918384
0.02928339
0.03225286
0.03458278
0.0368309
0.04535624
0.05083951
0.05979699
0.07248367
0.07672263
0.09409358
0.1334914
0.1454539
0.1615354
0.2116847
0.1990915
0.1587294
0.1505408
0.1422519
0.135844
0.1274806
0.1132603
0.1058487
0.0949935
0.09746501
0.09282743
0.127234
0.108451
0.1064585
0.1220584
0.1240563
0.1123976
0.1225403
0.1500941
0.1759443
0.1788625
0.1601388
0.156074
0.161536
0.1551912
0.1659658
0.1711836
0.189849
0.2118278
0.2337846
0.2378116
0.2304105
0.228284
0.2390001
0.2619189
0.2258435
0.2461985
0.197821
0.2145982
0.2213493
0.2268471
0.2376067
0.227482
0.2155956
0.2236779
0.2011301
0.1908271
0.185811
0.1904709
0.2002983
0.2040926
0.1846426
0.1847182
0.1863116
0.2235898
0.237796
0.2523827
0.2013147
0.2017554
0.2107321
0.199894
0.1934611
0.2109899
0.2119628
0.1945999
0.185895
0.1569208
0.16062
0.172535
0.1808476
0.1786967
0.190283
0.198876
0.232466
0.2720923
0.2752546
0.2573793
0.2755123
0.2323494
0.2395897
0.2290542
0.2455779
0.2538157
0.2657158
0.2694123
0.2631831
0.3272823
0.3518676
0.3641082
0.3249513
0.3085652
0.2665289
0.251095
0.2696427
0.3426034
0.3728091
0.4172245
0.4610127
0.4622011
0.4402406
0.3966176
0.3511473
0.3288384
0.3244883
0.3158141
0.3127818
0.3194104
0.3407178
0.3785865
0.4220414
0.4252719
0.4023004
0.3733009
0.3691341
0.3805887
0.3970387
0.4071011
0.408923
0.4272903
0.4211839
0.4116285
0.4189084
0.4382877
0.4547505
0.4514963
0.4359701
0.4162671
0.39314
0.3901015
0.3972387
0.3871494
0.3186982
0.2694168
0.2689847
0.2950135
0.2979331
0.3360177
0.2897175
0.2627148
0.2120988
0.2038573
0.2122553
0.2071454
0.2100349
0.2334775
0.241448
0.2389448
0.2174242
0.2370253
0.2468521
0.2497763
0.2453914
0.2584183
0.2230963
0.2285464
0.3059578
0.2443895
0.2209703
0.2211705
0.2324818
0.2436809
0.2349128
0.2384232
0.2441948
0.275916
0.2913193
0.2405392
0.2499516
0.2535534
0.247019
0.3331345
0.3824502
0.3691106
0.3366504
0.3170621
0.3015642
0.2795222
0.2751431
0.2534351
0.1971871
0.1870625
0.1848243
0.2036206
0.1985343
0.195898
0.1866283
0.1669839
0.1509472
0.08890848
0.1211116
0.1461031
0.1683359
0.1406958
0.1141649
0.1035699
0.1220687
0.1552276
0.141212
0.1457223
0.1353594
0.1392575
0.1406394
0.1409551
0.1103937
0.07857363
0.0585418
0.03901926
0.02720108
0.02702126
0.0258012
0.03164534
0.03075985
0.02690396
0.02257059
0.02080175
0.01352339
0.01152267
0.007804253
0.006714232
0.007334482
0.009291491
0.0110544
0.01730727
0.01626148
0.01494868
0.01643954
0.01707429
0.01540423
0.01637375
0.01389101
0.01571061
0.01657662
0.01872737
0.0274294
0.03596595
0.02971165
0.02454007
0.03282389
0.0406935
0.05137442
0.06359193
0.07153969
0.1164025
0.1283883
0.1299428
0.1411638
0.1409083
0.1388993
0.1729594
0.1817492
0.1970208
0.2034766
0.2260977
0.2148376
0.2070861
0.1796746
0.1488607
0.1408827
0.1302723
0.1152242
0.1100707
0.1108208
0.1199513
0.1085755
0.1152748
0.1070836
0.1106256
0.1134142
0.1048257
0.1243478
0.1473636
0.1777029
0.1570084
0.1677903
0.1663528
0.1557662
0.169533
0.181214
0.1866902
0.231123
0.3211841
0.2910106
0.2400172
0.1752327
0.1878605
0.2115783
0.2089053
0.2062169
0.1966687
0.2034039
0.2056932
0.1737271
0.1830381
0.1708899
0.1671669
0.1784705
0.1529113
0.156854
0.1711994
0.2337214
0.2386602
0.2540426
0.2571752
0.2091142
0.1586872
0.1507984
0.1116666
0.1105396
0.1155525
0.1004408
0.1192531
0.1212157
0.1013512
0.09545025
0.0796115
0.06592786
0.06198584
0.05599479
0.04794434
0.04586812
0.05439113
0.05511883
0.06425483
0.09010911
0.09949572
0.1105824
0.09673941
0.07957821
0.08072706
0.06832171
0.07175048
0.06855132
0.08429882
0.08505164
0.1059006
0.09839144
0.07543559
0.07978154
0.07545552
0.08085594
0.08668568
0.08960296
0.08969686
0.0991013
0.08038174
0.1153159
0.1782154
0.2547637
0.3337417
0.3943586
0.4097656
0.4497085
0.4646413
0.5516913
0.5276496
0.5429226
0.5242561
0.5350772
0.5598499
0.5764867
0.6007305
0.6541936
0.6398908
0.5918367
0.510639
0.4414933
0.4098815
0.3551084
0.341607
0.295785
0.2809686
0.2727619
0.2371578
0.2703222
0.2160467
0.2107459
0.2029271
0.2024123
0.2089215
0.187596
0.1979527
0.2057862
0.222181
0.2499316
0.2574843
0.2688454
0.2799684
0.3006088
0.2823222
0.2621122
0.2366079
0.202698
0.2060428
0.2185073
0.2048834
0.1855173
0.1714728
0.1592028
0.128265
0.10466
0.09841104
0.09208791
0.08230349
0.08379146
0.07959916
0.08638765
0.07844576
0.07982899
0.07691944
0.07084687
0.06253095
0.07133053
0.06885727
0.06801048
0.07112753
0.08228119
0.07711627
0.07486902
0.1023378
0.0935952
0.10175
0.1083044
0.1114447
0.1197487
0.1267027
0.1417565
0.1513694
0.1208083
0.1174025
0.1218887
0.1300406
0.1329234
0.1148415
0.1399707
0.1381776
0.1167087
0.120619
0.1177524
0.121116
0.1290208
0.1142482
0.1168559
0.1085519
0.128103
0.1245037
0.1301085
0.1301439
0.1506784
0.2380476
0.2175082
0.203936
0.2594779
0.2653914
0.2489146
0.208036
0.1975043
0.1894451
0.1863765
0.195783
0.2076696
0.2468008
0.2474418
0.2285675
0.2875925
0.2547411
0.2778725
0.3444586
0.2790915
0.2677185
0.3262505
0.3362547
0.3344516
0.3552054
0.3655809
0.3800967
0.3829067
0.410848
0.3970721
0.4186417
0.4459912
0.4588427
0.3940018
0.353296
0.3648808
0.3437331
0.2996537
0.2934966
0.3183404
0.3577634
0.3403424
0.3360882
0.3577028
0.3606259
0.3152894
0.2918696
0.2958849
0.2870823
0.2829526
0.2751362
0.2002098
0.1885258
0.1725625
0.1570493
0.1301352
0.0639364
0.06105543
0.07005943
0.06160076
0.04395852
0.04084549
0.04771084
0.04945078
0.03290916
0.03606116
0.03570507
0.04475367
0.04527982
0.04640755
0.06057037
0.07337206
0.1201265
0.1738393
0.1832747
0.1262084
0.1266783
0.1525521
0.1464072
0.1150007
0.1023968
0.1153948
0.08693506
0.07541941
0.07544085
0.09091412
0.08770356
0.08250342
0.08505325
0.06601409
0.05907576
0.07048863
0.07871593
0.0773105
0.07684818
0.07254136
0.0827191
0.1079739
0.1384967
0.1692389
0.1759228
0.1210806
0.1033621
0.1015192
0.09238374
0.06205915
0.05490532
0.05254977
0.05396257
0.06331841
0.06070192
0.05887985
0.07654057
0.07531428
0.06381031
0.05199819
0.05306854
0.05574435
0.07237016
0.08041406
0.07504293
0.08676974
0.1367438
0.1851847
0.2267093
0.2167918
0.2106393
0.2364154
0.2180026
0.2126815
0.2502446
0.3248868
0.3736701
0.3245463
0.3241093
0.3479598
0.3498849
0.3624196
0.3658673
0.3469605
0.3173141
0.3129499
0.2871913
0.2955298
0.2825687
0.3348501
0.3126495
0.2928122
0.2562878
0.2814935
0.319468
0.2969579
0.2839658
0.3013178
0.2554811
0.2306898
0.2288504
0.2258615
0.2292629
0.2402657
0.2137576
0.1677777
0.1817014
0.1513299
0.1626692
0.1977702
0.1956084
0.1876962
0.2291668
0.2216713
0.2347473
0.2892761
0.2847736
0.281891
0.2675594
0.23052
0.2039073
0.1792262
0.1981861
0.2168047
0.2733845
0.2810992
0.3073492
0.3033432
0.3115676
0.2631714
0.2287325
0.186828
0.1315579
0.1306017
0.1131686
0.119234
0.09492084
0.1207307
0.1325643
0.1194042
0.09070577
0.07589868
0.06080595
0.05776041
0.06263805
0.05624776
0.06296628
0.06981893
0.09430352
0.1039682
0.1312549
0.1210861
0.1334085
0.1692477
0.1690203
0.1754516
0.2266068
0.2477042
0.2372051
0.2283671
0.2373159
0.2398751
0.2794589
0.279415
0.248605
0.226574
0.2454354
0.2624165
0.3100096
0.3189459
0.3180959
0.297471
0.3095953
0.3445704
0.3834563
0.3792591
0.3427208
0.3056029
0.2860771
0.2722982
0.3459934
0.3918506
0.4427811
0.4526916
0.4606144
0.4509158
0.454821
0.4868011
0.4208322
0.3708138
0.3235515
0.2717143
0.274977
0.2108437
0.1781196
0.1539727
0.1281189
0.1165124
0.09460239
0.08135172
0.08070292
0.07596513
0.0733643
0.07163791
0.0671718
0.08209835
0.08618707
0.08811893
0.1079935
0.1201274
0.1629698
0.191483
0.241959
0.2640187
0.2982399
0.3131133
0.3006944
0.2968733
0.2716083
0.2710434
0.3453696
0.3867816
0.3772518
0.3654238
0.3596083
0.3287724
0.3238624
0.3366928
0.3350058
0.3359809
0.3011725
0.2588045
0.2259382
0.221741
0.2266328
0.2175092
0.198946
0.1542255
0.1411769
0.1423079
0.1386404
0.1449525
0.1459273
0.1249407
0.1324722
0.1181629
0.1320433
0.1178766
0.1617326
0.1975468
0.1791626
0.2284804
0.2502087
0.2816024
0.2959135
0.2939298
0.2561832
0.2266151
0.1769736
0.1887215
0.1873667
0.1850494
0.1612103
0.1475701
0.1502822
0.1437611
0.1281566
0.1280494
0.1097567
0.1001678
0.08511652
0.07966661
0.082078
0.08594312
0.1070042
0.1014139
0.1147687
0.1264202
0.1272244
0.1255806
0.1384776
0.1265652
0.1350924
0.1399113
0.1256781
0.1389244
0.1326737
0.1774655
0.1875429
0.2009448
0.1924767
0.2024205
0.2335593
0.196747
0.200305
0.2191027
0.258809
0.2599907
0.2326508
0.1874639
0.1925637
0.1780906
0.190025
0.2381172
0.2271001
0.2198083
0.1891736
0.1545878
0.1522577
0.1685605
0.1647676
0.1769992
0.1928775
0.1640322
0.1874593
0.2319814
0.2314157
0.2661033
0.2809996
0.2662126
0.2508314
0.2295151
0.2355694
0.2654736
0.3189502
0.3051566
0.2929215
0.3030043
0.2855271
0.3035935
0.3183661
0.3202541
0.3220751
0.3474903
0.3726484
0.3890823
0.3934246
0.4071594
0.4585741
0.361701
0.3533995
0.3257271
0.3297991
0.3076885
0.2937445
0.3083494
0.2828788
0.2929039
0.2864797
0.2468071
0.2284643
0.1777054
0.1467459
0.1625323
0.1448898
0.1522529
0.1855156
0.1859761
0.2127655
0.2210957
0.27318
0.2970382
0.2962427
0.2859563
0.2768939
0.2880185
0.3213813
0.3304633
0.3825442
0.2696927
0.2177316
0.1718998
0.1524514
0.1575305
0.1518243
0.1639197
0.1599566
0.1352991
0.1218598
0.1262476
0.1283829
0.110324
0.08990613
0.09026053
0.08243029
0.08315232
0.09539049
0.1076324
0.1213463
0.1168221
0.1273595
0.11337
0.109493
0.1082741
0.0968974
0.09057014
0.08912344
0.09567565
0.1128016
0.1364631
0.1407389
0.1868163
0.2337375
0.2322981
0.2364516
0.2812125
0.2992988
0.3734159
0.2893665
0.308282
0.3555239
0.3880883
0.3938608
0.4245224
0.4000872
0.4130592
0.3807833
0.3944815
0.3846633
0.3657633
0.3716111
0.2854563
0.2299094
0.2305052
0.2684736
0.290722
0.2155902
0.2276547
0.2576752
0.2739058
0.2569388
0.2563222
0.2603119
0.2955873
0.2943532
0.2628829
0.2441339
0.2548423
0.3187456
0.3476716
0.3526918
0.2991181
0.2703067
0.3279275
0.3096341
0.1920078
0.2127393
0.19742
0.1661782
0.1285369
0.1121882
0.1235047
0.1312101
0.1426993
0.1392691
0.1356031
0.1293481
0.1236064
0.1415123
0.1292959
0.09540373
0.1104082
0.142806
0.150078
0.1571275
0.1934905
0.2017781
0.1771096
0.1626956
0.1416278
0.1710298
0.1503937
0.1487861
0.08367983
0.07671911
0.08831831
0.1091748
0.1294677
0.1268059
0.1208505
0.08108896
0.082666
0.08620691
0.083462
0.08861502
0.1007146
0.1013773
0.09876348
0.08416046
0.08563285
0.1280138
0.1088355
0.1077695
0.08802275
0.06355664
0.06132283
0.07479608
0.1012805
0.09236792
0.1192907
0.108191
0.09636872
0.08568205
0.07835361
0.07440221
0.06933142
0.07489455
0.07320372
0.07469089
0.08074422
0.08434021
0.07076483
0.05176436
0.03631033
0.02532859
0.02183713
0.01693849
0.02061061
0.022238
0.02321227
0.02627667
0.02923537
0.03435867
0.03780596
0.04419849
0.04345635
0.0407204
0.04861289
0.06457962
0.1083357
0.1630891
0.1989212
0.2629582
0.3312406
0.3392701
0.3602463
0.3956936
0.3920192
0.436757
0.431004
0.4411869
0.4170132
0.3863342
0.3868983
0.37181
0.3589687
0.3710458
0.3900026
0.399047
0.380671
0.36866
0.3751036
0.3622687
0.3547268
0.3283077
0.3129718
0.3135289
0.32
0.3361447
0.3253695
0.3523232
0.4013008
0.3982772
0.405069
0.3958746
0.386764
0.3846554
0.3813093
0.3850598
0.3981653
0.4043714
0.4069874
0.4073117
0.4049425
0.3777053
0.4022458
0.3944716
0.3700672
0.3617024
0.3814676
0.4116181
0.4032206
0.3888867
0.3966839
0.3383743
0.327932
0.3229907
0.325656
0.3108236
0.3119209
0.3239285
0.315676
0.3585816
0.4015846
0.3953084
0.3930889
0.3651368
0.3581413
0.3591275
0.4133325
0.4865644
0.4941273
0.516655
0.4865456
0.4945103
0.4864638
0.4896044
0.4685272
0.3417365
0.2764655
0.2025089
0.1684015
0.1835792
0.138482
0.125642
0.1075398
0.1030368
0.0840897
0.06654365
0.05515077
0.04249936
0.04033875
0.03907138
0.03350752
0.02742955
0.02478372
0.01861114
0.02528534
0.02079494
0.02348883
0.02436761
0.02973702
0.02476038
0.02518228
0.02724689
0.03027976
0.04021192
0.04349774
0.0354429
0.03683612
0.04530527
0.05609942
0.0834823
0.1059529
0.1020953
0.09886137
0.08445423
0.1032728
0.1143371
0.1423692
0.1421432
0.1331979
0.1301856
0.1297022
0.1359005
0.1848976
0.2136922
0.252418
0.2435914
0.2790002
0.3093526
0.3034942
0.3151156
0.3151783
0.2832228
0.252073
0.254336
0.2763337
0.2840897
0.2692881
0.274796
0.3197284
0.3266574
0.2828826
0.256819
0.2250262
0.2188002
0.1873993
0.1484725
0.1381246
0.1426183
0.1474278
0.1668653
0.1496026
0.1287073
0.1398683
0.1285725
0.1109062
0.09065266
0.09564166
0.1116116
0.1184906
0.1556814
0.1081487
0.08381909
0.05079362
0.03895402
0.04339681
0.04260856
0.04059616
0.03866313
0.03661415
0.03846988
0.03120883
0.01905387
0.01742152
0.01427888
0.01034659
0.006609642
0.005955887
0.006163143
0.01005028
0.02404503
0.02276254
0.02188341
0.02246572
0.02031993
0.01923965
0.02206029
0.02550294
0.02907477
0.0417787
0.03664533
0.03400531
0.03939604
0.04575945
0.05095436
0.06735726
0.08621408
0.1407095
0.179931
0.1808203
0.1824255
0.2173405
0.234122
0.1896078
0.202571
0.2424866
0.2301046
0.258302
0.2545838
0.2888596
0.3019023
0.3035462
0.2936805
0.2559933
0.1700775
0.1403529
0.1275451
0.1436572
0.1299221
0.1536573
0.1936271
0.1860219
0.238382
0.2730643
0.3088183
0.3403272
0.3589802
0.2988854
0.2731222
0.2075151
0.223437
0.1952368
0.1572755
0.1513775
0.1564212
0.1766106
0.1582052
0.1243668
0.1074835
0.09842196
0.07527134
0.07768413
0.09334022
0.08051381
0.09326205
0.1052295
0.1161656
0.1144
0.1483552
0.201306
0.2212834
0.227315
0.2385742
0.2611369
0.305152
0.3080134
0.3423563
0.3392467
0.2791348
0.2873229
0.3439522
0.2994862
0.3288113
0.3247588
0.3042708
0.296115
0.258592
0.2871207
0.2782684
0.2684357
0.2681397
0.2799354
0.2468998
0.2670533
0.2688216
0.2814027
0.3019386
0.3023727
0.2774373
0.2788215
0.2676771
0.2614349
0.268533
0.2828237
0.2670044
0.2839885
0.2980894
0.3248328
0.3172251
0.3554843
0.3633279
0.3943447
0.3866214
0.3641743
0.3459595
0.3735629
0.3417522
0.3517737
0.3828174
0.4013399
0.4415028
0.4169486
0.4119708
0.3777084
0.3645903
0.3419386
0.3565996
0.3562065
0.3708993
0.3815948
0.3842976
0.4050468
0.4040303
0.4733637
0.3973115
0.3539083
0.31911
0.3098885
0.3503759
0.3560943
0.3425282
0.368011
0.368989
0.3660248
0.370021
0.3549046
0.3456497
0.3668693
0.3829605
0.3814076
0.3592403
0.4532923
0.5148361
0.4903081
0.5122746
0.5200642
0.5042776
0.433941
0.3854971
0.3393483
0.3260288
0.3289039
0.3350225
0.3636186
0.4133334
0.4065785
0.3861658
0.3736347
0.337339
0.3144622
0.280484
0.2615198
0.2608699
0.2606373
0.2854565
0.2734397
0.3262667
0.3596626
0.3706208
0.3504989
0.3552141
0.3041714
0.3226839
0.2973816
0.3048926
0.3090488
0.3215566
0.3793855
0.3731192
0.3877327
0.4012397
0.4345721
0.4927875
0.4369029
0.4288779
0.3422551
0.3451879
0.362985
0.2937699
0.1941867
0.214496
0.215198
0.2159891
0.1966681
0.1450136
0.1131044
0.1206788
0.1237406
0.1111726
0.09410709
0.08560333
0.07018111
0.07767608
0.06964572
0.0702804
0.1102932
0.1403248
0.1268913
0.1158801
0.1232176
0.1354613
0.1756746
0.1766594
0.1429314
0.1065744
0.1073861
0.10036
0.09822599
0.09489964
0.09991958
0.1048793
0.09047172
0.07034232
0.08791899
0.09949558
0.1005234
0.07886088
0.0571053
0.0329319
0.02287426
0.02517285
0.03427235
0.03565263
0.03440188
0.01420566
0.01109794
0.01081074
0.01242067
0.01422864
0.01276645
0.01044799
0.007343638
0.005131835
0.00455557
0.003919669
0.003631849
0.003842098
0.004114858
0.004210628
0.004540339
0.005748398
0.01126353
0.01331606
0.02087834
0.01723529
0.01379168
0.01165194
0.01143723
0.01630744
0.0187127
0.02149053
0.03786915
0.0519036
0.05183825
0.05695304
0.05388498
0.05333797
0.04070995
0.03519918
0.02833506
0.01860804
0.02102917
0.02146337
0.02324102
0.01824211
0.01538909
0.01874261
0.01553896
0.01519722
0.01678533
0.01518213
0.01139886
0.008556721
0.00655193
0.007576884
0.006832849
0.006519673
0.00400499
0.003139821
0.003844493
0.003646431
0.002968284
0.002909881
0.003602035
0.005140779
0.005099148
0.005281835
0.008240577
0.01086044
0.01431903
0.0139714
0.01189968
0.01119655
0.009541502
0.01148013
0.02202251
0.02593416
0.04263908
0.06686927
0.0686567
0.06409522
0.0654449
0.06986362
0.06974509
0.06338876
0.06974691
0.08638301
0.09821368
0.1077906
0.1277035
0.1481292
0.1732619
0.1805146
0.1795496
0.2704248
0.2550764
0.2937479
0.3094021
0.3501315
0.3607887
0.3589667
0.3483135
0.347309
0.3918122
0.3799925
0.4744157
0.4805082
0.4739516
0.4699537
0.4672404
0.4641255
0.4194956
0.4080141
0.367724
0.3344478
0.3003136
0.2927811
0.3176896
0.3100063
0.3117605
0.2730295
0.2459915
0.2467754
0.2582851
0.2716836
0.2857063
0.2880718
0.2867825
0.2986342
0.3401334
0.4065993
0.4309065
0.4522344
0.4568999
0.4497458
0.458221
0.4821309
0.5573367
0.553855
0.5278506
0.5285206
0.5438111
0.5008121
0.45092
0.408793
0.3765684
0.3464189
0.3211587
0.3183874
0.2727499
0.269162
0.2644824
0.2523542
0.1910598
0.1606103
0.1644778
0.1490653
0.1230815
0.1126408
0.1172546
0.1281499
0.1364608
0.154578
0.1452048
0.1539455
0.1538589
0.1729364
0.1573177
0.1644458
0.1816922
0.1533543
0.1208541
0.1184606
0.1373723
0.1515323
0.1646102
0.1747839
0.1453954
0.1472166
0.1502662
0.1632128
0.1873359
0.1676293
0.1636446
0.1747272
0.1618048
0.1502499
0.220161
0.2179844
0.2144871
0.2189972
0.2249144
0.2407573
0.2709172
0.3157533
0.3275672
0.3167635
0.308382
0.2738461
0.3268697
0.3162489
0.3253219
0.3296843
0.3362059
0.3325753
0.3552766
0.3602322
0.3399853
0.3554061
0.3300568
0.3342644
0.3398208
0.2508926
0.2515195
0.2666396
0.2808409
0.2638878
0.2982064
0.2971208
0.3154606
0.3637897
0.4578357
0.4495911
0.4422809
0.4127954
0.4157624
0.4038913
0.3494367
0.3802406
0.3942734
0.368097
0.3253476
0.3309379
0.3113345
0.3222834
0.3481838
0.334159
0.3018036
0.3097118
0.3216043
0.356435
0.3453845
0.348259
0.3349168
0.3173367
0.2895541
0.2548391
0.2352176
0.2683602
0.267636
0.2489993
0.2189939
0.2112981
0.1960836
0.1422706
0.1159451
0.1163599
0.1200435
0.1121152
0.1377077
0.1453638
0.1085455
0.09865151
0.1012352
0.07632738
0.07335215
0.0694267
0.06927596
0.06308492
0.05784954
0.05806153
0.05721977
0.05947746
0.06000971
0.05863749
0.05314368
0.04359666
0.04874279
0.06110061
0.04428018
0.05785728
0.07381158
0.08084021
0.08553573
0.1201702
0.1377877
0.1486064
0.1688984
0.1992721
0.1653954
0.1769013
0.1571544
0.1599679
0.1380398
0.1134949
0.1511166
0.1815281
0.1691045
0.1266773
0.1175127
0.1066434
0.097826
0.1023772
0.102251
0.0971158
0.0772443
0.06138063
0.06380823
0.06650849
0.05432692
0.05909995
0.05668783
0.04656138
0.0292135
0.01681453
0.01782416
0.01674105
0.01525686
0.01596696
0.01430714
0.01458942
0.01362164
0.01504828
0.01848522
0.02019428
0.0224379
0.02886604
0.03066262
0.03041147
0.03485603
0.07423544
0.09256491
0.08865651
0.1077214
0.09679146
0.08452535
0.06479256
0.0567803
0.0691135
0.06459336
0.04972736
0.04190168
0.03871925
0.02996264
0.02869399
0.02445911
0.01601144
0.01116513
0.007099356
0.007466762
0.006911782
0.006573829
0.007111799
0.009660535
0.008936302
0.006991324
0.007348582
0.007589424
0.007132228
0.008648016
0.009059276
0.01063959
0.01293872
0.02060572
0.02737762
0.04444056
0.05581267
0.06743401
0.08651469
0.09162465
0.08624435
0.08576382
0.09578054
0.08821876
0.08503281
0.06139453
0.05864585
0.0574767
0.05156567
0.05009574
0.04685996
